受损 values {0: 18.08, 1: 20.65, 3: 27.01, 7: 42.39} fund 0.134 shares 202.4
quarterly {'peak_draw': 0, 'minimum_cash': 0.8538431887500001}
1 9.21 1.532 -0.302 1.167 3.242 1.27 0.329
2 9.075 1.406 0.47 1.428 3.208 1.002 -0.022
3 8.94 1.329 0.877 0.981 2.048 0.732 -0.022
7 8.53 1.189 0.919 2.348 0.0 0.581 -0.018
12 8.1 0.997 0.748 6.919 0.0 0.513 -0.017
基准 values {0: 96.2, 1: 107.89, 3: 136.08, 7: 209.75} fund 0 shares 202.4
quarterly {'peak_draw': 0.4142952621996254, 'minimum_cash': 0.7122930150000001}
1 11.1 2.225 -0.499 1.012 3.242 2.051 0.713
2 13.35 2.711 0.111 1.07 3.208 2.129 0.481
3 15.6 3.449 1.068 0.97 2.048 1.956 0.481
7 23.3 4.978 2.671 7.409 0.0 2.138 0.422
12 29.1 5.722 3.524 26.147 0.0 2.364 0.25
乐观 values {0: 174.1, 1: 194.69, 3: 244.08, 7: 374.18} fund 0 shares 202.4
quarterly {'peak_draw': 0.7919819076014393, 'minimum_cash': 0.7296}
1 12.16 2.674 -0.624 0.941 3.242 2.292 0.933
2 15.68 3.558 0.064 1.014 3.208 2.616 0.761
3 19.2 4.853 1.461 1.377 2.048 2.526 0.761
7 33.0 8.394 4.463 12.932 0.0 3.175 0.766
12 42.9 9.803 6.013 45.018 0.0 3.644 0.438
突破 values {0: 245.62, 1: 274.4, 3: 343.24, 7: 526.88} fund 0.11 shares 202.4
quarterly {'peak_draw': 0.9840423436260317, 'minimum_cash': 0.738}
1 12.3 2.673 -0.707 0.859 3.242 2.336 0.968
2 16.2 3.709 -0.017 0.972 3.318 2.718 0.854
3 20.1 5.244 1.573 1.462 2.158 2.656 0.853
7 40.5 11.142 5.817 15.917 0.0 3.965 1.16
12 56.6 13.93 8.547 60.144 0.0 4.866 0.73
EXPECTED 0 106.29 -0.6651 
EXPECTED 1 119.06 -0.6248 -0.624839363575696
EXPECTED 3 149.78 -0.5281 -0.2214282487186119
EXPECTED 7 230.39 -0.274 -0.04472105574074958
