悲观 PV 24.9 targets [(1, 27.0, [17, 40], -97.1), (3, 31.3, [20, 46], -67.7), (7, 40.3, [25, 59], -36.2)]
R/EBIT/FCF/cash/mincash [(1, 4.8, 0.871, 0.242, 0.934, 0.592), (3, 4.0, 0.423, 0.266, 1.522, 0.56), (7, 3.6, 0.304, 0.184, 2.52, 0.544), (10, 3.05, 0.216, 0.131, 3.228, 0.522)]
基准 PV 218.4 targets [(1, 240.8, [172, 348], -74.1), (3, 290.8, [213, 410], -32.1), (7, 409.4, [310, 557], -11.1)]
R/EBIT/FCF/cash/mincash [(1, 6.9, 2.363, 0.816, 1.508, 0.676), (3, 10.7, 3.287, 1.429, 4.205, 0.828), (7, 14.4, 3.689, 2.252, 13.209, 0.976), (10, 15.3, 3.527, 2.318, 21.655, 1.012)]
乐观 PV 441.4 targets [(1, 487.3, [349, 716], -47.7), (3, 591.3, [434, 848], -14.0), (7, 846.0, [645, 1165], -1.4)]
R/EBIT/FCF/cash/mincash [(1, 7.6, 2.783, 0.946, 1.638, 0.704), (3, 14.1, 4.946, 2.216, 5.536, 0.964), (7, 22.05, 7.151, 4.363, 21.529, 1.282), (10, 25.5, 7.589, 5.081, 38.669, 1.42)]
突破 PV 768.4 targets [(1, 848.6, [594, 1295], -8.8), (3, 1032.7, [742, 1535], 3.5), (7, 1498.8, [1125, 2130], 7.0)]
R/EBIT/FCF/cash/mincash [(1, 7.8, 2.872, 0.838, 1.53, 0.712), (3, 16.5, 6.029, 2.457, 5.627, 1.06), (7, 32.7, 12.204, 6.856, 28.069, 1.708), (10, 40.55, 14.01, 8.916, 56.449, 2.022)]
Expected 0 279.52 ann None
Expected 1 308.4 ann -66.87
Expected 3 373.68 ann -26.23
Expected 7 533.17 ann -7.65
