damaged V [(0, 38.5, [32.5, 47.9], 35.2), (1, 42.3, [36.1, 51.8], 35.8), (3, 51.1, [44.8, 60.8], 41.9), (7, 71.0, [64.6, 81.2], 63.7)]
R EBIT F C D N [(1, 55.5, 6.0, 1.16, 9.46, 2.38, 1.72), (3, 66.0, 11.1, 6.74, 20.52, 1.75, 1.72), (7, 67.5, 10.13, 7.87, 53.71, 0.5, 1.72), (12, 68.0, 9.8, 6.46, 99.37, 0.5, 1.72)]
base V [(0, 189.7, [148.2, 263.0], 44.9), (1, 210.1, [167.0, 286.3], 45.9), (3, 257.2, [211.0, 339.0], 50.0), (7, 372.0, [320.0, 465.6], 67.2)]
R EBIT F C D N [(1, 77.8, 18.14, 8.06, 16.42, 2.38, 1.86), (3, 139.0, 38.45, 23.09, 54.38, 1.75, 1.86), (7, 209.7, 55.6, 43.91, 211.39, 0.5, 1.86), (12, 269.0, 64.24, 44.98, 482.99, 0.5, 1.86)]
upside V [(0, 393.1, [298.6, 568.8], 49.2), (1, 435.9, [336.9, 619.7], 49.8), (3, 535.2, [427.7, 735.0], 53.3), (7, 782.3, [657.8, 1016.3], 69.1)]
R EBIT F C D N [(1, 98.4, 26.11, 9.83, 18.13, 2.38, 1.98), (3, 224.5, 73.24, 43.42, 86.39, 1.75, 1.98), (7, 383.0, 123.18, 92.42, 407.91, 0.5, 1.98), (12, 515.0, 146.44, 101.57, 1003.76, 0.5, 1.98)]
breakthrough V [(0, 495.4, [370.9, 728.7], 52.4), (1, 549.4, [418.6, 793.9], 52.7), (3, 675.3, [532.4, 942.1], 55.6), (7, 994.3, [827.5, 1308.3], 70.0)]
R EBIT F C D N [(1, 103.4, 26.81, 6.73, 14.97, 2.38, 1.98), (3, 230.0, 77.48, 44.41, 82.86, 1.75, 1.98), (7, 452.0, 159.25, 114.07, 455.0, 0.5, 1.98), (12, 651.0, 196.78, 132.39, 1210.77, 0.5, 1.98)]
tail V [(0, 19.5, [16.3, 24.5], 49.8), (1, 21.1, [17.7, 26.2], 35.8), (3, 25.7, [22.3, 30.9], 43.9), (7, 36.3, [32.7, 41.6], 63.2)]
R EBIT F C D N [(1, 37.1, -4.45, -10.21, 2.0, 3.78, 1.74), (3, 41.7, 4.94, 2.86, 7.78, 1.75, 1.74), (7, 43.3, 5.58, 3.81, 22.88, 0.5, 1.74), (12, 43.5, 5.65, 3.85, 47.92, 0.5, 1.74)]
joint V [(0, 561.9, [420.5, 827.1], 52.5), (1, 623.3, [474.7, 901.1], 52.8), (3, 766.4, [604.0, 1069.6], 55.6), (7, 1128.5, [939.0, 1485.5], 70.2)]
R EBIT F C D N [(1, 108.4, 28.49, 6.38, 14.56, 2.38, 1.98), (3, 271.0, 92.97, 51.08, 90.71, 1.75, 1.98), (7, 522.0, 185.05, 129.28, 518.42, 0.5, 1.98), (12, 736.0, 223.78, 147.53, 1369.96, 0.5, 1.98)]
EXPECTED 0 235.03 ANNUAL None
EXPECTED 1 260.45 ANNUAL -0.5348
EXPECTED 3 319.35 ANNUAL -0.1706
EXPECTED 7 465.33 ANNUAL -0.0261
