受损
0 714.5594059405894 95.91401422021333 0 -0.8057555708610853 None
1 753.2385495049455 101.10584557113361 3.92 -0.7873023500928883 -0.7873023500928883
3 841.9694718201672 113.01603648592848 11.76 -0.7473043936855918 -0.36778339696675477
7 930.23587192529 124.86387542621341 45.534611749587995 -0.6549101073842574 -0.14100562503245873
基准
0 2952.206441065823 396.2693209484326 0 -0.19747798422691765 None
1 3203.462052967076 429.9949064385337 3.92 -0.12123839272847481 -0.12123839272847481
3 3726.6683123201265 500.2239345396143 18.87224015284855 0.0512701500515671 0.01680602528608577
7 4552.341153712743 611.0525038540594 114.88513427812819 0.4701641178909386 0.05659707158373095
乐观
0 4812.728098208147 646.0037715715633 0 0.3082825784186547 None
1 5240.73326753792 703.4541298708617 3.92 0.43256942336842674 0.43256942336842674
3 6142.715374391564 824.5255536096059 22.42241065572706 0.7152334324300964 0.19703746821540924
7 7773.503965021027 1043.423351009534 148.9411263693736 1.4147686771009509 0.1342179205749261
突破
0 7633.75404187911 1024.6649720643102 0 1.0751447447533522 None
1 8329.756675857625 1118.0881444104193 3.92 1.27228349550492 1.27228349550492
3 9910.243289868135 1330.233998640018 13.884550711685247 1.7221000229893946 0.39626556152054593
7 12986.767052627003 1743.190208406309 166.08421944546603 2.8666499814730755 0.21312340035894706
