D values [(0, 1.8, -99.5), (1, 2.0, -99.4), (3, 2.5, -99.3), (7, 3.8, -99.0)] raises [(2, 5.49), (3, 1.44), (4, 0.95), (5, 0.35)]
1 87.35 -2.67 17.28 -13.89 18.33 3.6
3 76.4 1.41 7.94 -1.31 15.0 3.72
7 67.38 2.28 5.58 0.87 16.33 3.74
12 61.57 1.99 4.85 1.08 15.0 3.74
20 53.02 1.33 4.32 0.77 15.0 3.74
B values [(0, 21.9, -94.0), (1, 24.4, -93.3), (3, 30.0, -91.8), (7, 45.6, -87.5)] raises [(1, 3.64), (2, 16.91), (3, 8.3), (4, 7.72), (5, 3.48)]
1 107.53 -1.06 25.29 -20.74 15.0 3.62
3 128.52 4.26 17.82 -8.07 15.0 3.76
7 175.85 14.47 15.7 4.27 20.0 3.82
12 233.85 27.62 18.73 14.67 15.0 3.82
20 267.07 36.07 18.03 24.62 15.0 3.82
U values [(0, 68.0, -81.3), (1, 75.5, -79.3), (3, 93.0, -74.5), (7, 141.2, -61.2)] raises [(1, 6.85), (2, 20.93), (3, 9.66), (4, 12.14), (5, 1.8)]
1 117.79 1.26 30.4 -24.02 15.0 3.62
3 160.95 10.97 25.18 -9.4 15.0 3.73
7 281.3 41.27 26.89 17.65 41.68 3.78
12 441.44 84.9 37.88 48.87 15.0 3.78
20 531.1 97.46 38.53 66.3 15.0 3.78
X values [(0, 208.5, -42.8), (1, 231.4, -36.5), (3, 285.1, -21.7), (7, 432.8, 18.8)] raises [(1, 8.83), (2, 26.58), (3, 14.6), (4, 40.84), (5, 8.02)]
1 113.72 -0.45 30.93 -25.86 15.0 3.63
3 154.02 7.65 27.87 -14.27 15.0 3.77
7 438.38 103.32 46.63 53.69 95.77 3.93
12 857.0 249.9 90.14 146.39 15.0 3.93
20 1173.86 318.9 90.64 221.14 15.0 3.93
T values [(0, 539.6, 48.1), (1, 599.0, 64.4), (3, 738.0, 102.6), (7, 1120.3, 207.6)] raises [(1, 27.93), (2, 47.76), (3, 26.71), (4, 114.6), (5, 20.23)]
1 113.72 -5.25 44.93 -44.66 15.0 3.69
3 168.66 5.97 41.12 -26.18 15.0 3.94
7 932.14 286.12 104.16 161.19 258.47 4.39
12 2099.0 731.86 236.8 437.69 15.0 4.39
20 3004.58 957.74 242.26 669.99 15.0 4.39
