悲观 prices= [0.0, 0.0, 0.0, 0.0] raises= 0 conv= [] terminal% 0
1 6.4 -2.63 14 -10.7 0 3.34 310.28 0.0
2 8.65 -3.33 6 -2.58 0 1.2 311.84 0.0
3 0.0 0.0 0.0 0.0 0.0 0.0 0.0 0.0
4 0.0 0.0 0.0 0.0 0.0 0.0 0.0 0.0
5 0.0 0.0 0.0 0.0 0.0 0.0 0.0 0.0
6 0.0 0.0 0.0 0.0 0.0 0.0 0.0 0.0
7 0.0 0.0 0.0 0.0 0.0 0.0 0.0 0.0
8 0.0 0.0 0.0 0.0 0.0 0.0 0.0 0.0
9 0.0 0.0 0.0 0.0 0.0 0.0 0.0 0.0
10 0.0 0.0 0.0 0.0 0.0 0.0 0.0 0.0
11 0.0 0.0 0.0 0.0 0.0 0.0 0.0 0.0
12 0.0 0.0 0.0 0.0 0.0 0.0 0.0 0.0
基准 prices= [33.07, 37.7, 49.0, 82.76] raises= 22.73 conv= ['Jun31'] terminal% 76.8
1 7.8 -2.15 20 -12.72 0 3.34 310.28 37.7
2 13.25 -2.44 15 -6.87 1.14 1.0 318.97 42.98
3 18.35 -2.18 12 -2.17 2.31 1.1 334.99 49.0
4 22.85 -1.94 12 -0.76 5.34 1.37 369.94 55.86
5 27.55 2.01 13 -1.1 3.99 1.65 396.82 63.68
6 31.25 3.29 14 -0.14 5.06 1.88 428.43 72.6
7 35.05 5.73 15 0.8 4.19 2.1 454.64 82.76
8 38.25 7.08 15 3.49 0.69 2.29 458.98 94.35
9 41.35 8.13 15 4.84 0 2.48 458.98 103.17
10 43.95 8.96 15.5 5.35 0 2.64 458.98 110.81
11 46.35 9.76 16 5.95 0 2.78 458.98 117.83
12 48.05 10.29 16 6.75 0 2.88 458.98 122.4
乐观 prices= [107.29, 122.31, 158.95, 268.46] raises= 11.45 conv= ['Jun29', 'Jun31', 'Mar33', 'Sep30', 'Sep32'] terminal% 72.0
1 8.75 -1.62 22 -13.04 0 4.02 310.28 122.31
2 16.25 -1.1 19 -6.87 0 1.49 311.84 139.43
3 24.55 0.37 17 -2.17 1.51 1.47 321.9 158.95
4 32.75 2.02 17 1.5 2.84 1.97 353.94 181.2
5 41.25 7.38 19 1.19 1.38 2.48 361.88 206.57
6 50.05 10.77 21 1.32 3.85 3.0 390.03 235.49
7 58.05 15.01 23 2.92 1.87 3.48 407.87 268.46
8 65.05 18.0 24 5.27 0 3.9 407.87 302.69
9 72.05 20.64 25 9.73 0 4.32 407.87 326.97
10 78.05 22.71 26 12.81 0 4.68 407.87 345.15
11 84.05 24.94 27 14.82 0 5.04 407.87 360.69
12 90.05 27.33 28 16.8 0 5.4 407.87 372.31
突破 prices= [186.93, 213.1, 276.94, 467.74] raises= 12.55 conv= ['Aug34', 'Jun29', 'Jun31', 'Mar31', 'Mar33', 'Sep30', 'Sep32'] terminal% 69.8
1 8.15 -2.14 21 -13.63 0 2.43 310.28 213.1
2 15.05 -1.7 18 -7.72 1.93 1.0 320.24 242.93
3 23.05 -0.04 17 -2.94 2.41 1.38 334.24 276.94
4 32.55 2.54 19 -0.22 4.38 1.95 372.98 315.71
5 44.05 9.65 22 1.32 1.4 2.64 395.14 359.91
6 56.05 14.79 25 2.19 2.42 3.36 417.07 410.3
7 69.05 21.66 28 5.69 0 5.47 426.78 467.74
8 82.05 27.73 30 10.4 0 4.92 433.86 513.11
9 95.05 33.53 32 15.21 0 5.7 433.86 553.94
10 107.05 38.83 34 20.64 0 6.42 433.86 586.21
11 119.05 44.27 36 26.01 0 7.14 433.86 610.47
12 129.05 48.57 38 29.42 0 7.74 433.86 628.93
