D P0 1.38 TV% 23.6 raise 0
1 50.1 -3.12 -38.58 49.42 36.3 14.25 0 p 1.55 div 0.0 ret -0.99
2 54.0 -0.05 -28.37 21.05 33.2 14.51 0 p 1.73 div 0.0 ret -0.989
3 57.9 3.45 -0.67 20.39 29.7 14.51 0 p 1.94 div 0.0 ret -0.987
7 67.5 7.6 0.27 22.42 12.0 14.51 0 p 3.05 div 0.0 ret -0.98
12 64.0 7.19 5.6 13.2 6.0 14.51 0 p 2.91 div 2.24 ret -0.966
20 54.0 5.47 1.78 12.7 3.5 14.51 0 p 3.15 div 4.77 ret -0.948
B P0 6.18 TV% 48.7 raise 78.85
1 74.95 8.08 -38.64 49.36 36.3 14.25 0 p 6.92 div 0.0 ret -0.955
2 100.92 13.05 -40.69 15.05 33.2 14.62 6.38 p 7.75 div 0.0 ret -0.949
3 126.9 19.59 -25.54 16.34 29.7 15.07 26.84 p 8.68 div 0.0 ret -0.943
7 217.04 37.21 -1.51 20.85 12.0 15.83 2.63 p 13.66 div 0.0 ret -0.911
12 319.98 59.26 21.23 26.0 6.0 15.83 0 p 19.78 div 3.97 ret -0.844
20 392.8 65.65 28.17 29.64 3.5 15.83 0 p 29.02 div 17.23 ret -0.697
U P0 25.12 TV% 37.0 raise 71.06
1 85.9 13.72 -37.64 50.36 36.3 14.25 0 p 28.14 div 0.0 ret -0.816
2 132.55 26.24 -45.27 16.63 33.2 14.64 11.53 p 31.51 div 0.0 ret -0.794
3 179.2 42.3 -30.74 18.96 29.7 15.01 33.07 p 35.29 div 0.0 ret -0.769
7 416.0 113.47 32.56 78.1 12.0 15.3 0 p 55.54 div 0.0 ret -0.636
12 673.0 176.3 89.68 43.65 6.0 15.3 0 p 70.11 div 25.4 ret -0.375
20 875.0 200.7 117.16 53.75 3.5 15.3 0 p 89.64 div 81.03 ret 0.118
X P0 40.29 TV% 50.4 raise 186.95
1 86.9 13.12 -43.25 44.75 36.3 14.25 0 p 45.12 div 0.0 ret -0.705
2 138.6 26.56 -54.22 16.93 33.2 14.78 26.4 p 50.54 div 0.0 ret -0.669
3 190.3 43.22 -43.2 19.52 29.7 15.23 45.78 p 56.6 div 0.0 ret -0.629
7 506.0 143.98 -7.98 35.3 12.0 16.38 11.93 p 89.07 div 0.0 ret -0.417
12 1175.0 347.0 128.75 68.75 6.0 16.38 0 p 134.91 div 20.49 ret 0.018
20 1905.0 469.85 238.29 105.25 3.5 16.38 0 p 195.86 div 114.18 ret 1.03
